RANK= 0
SIZE= 401
Lx,Ly= 16 16
D= 6
chi= 12
rate= 0.1 0.1
cond= 0.1 0.1
nparams= 532512 464505
256 128 128
size= 4.062843322753906
	burn in time= 259.1434636116028
